59713.79109590 -0.008282 0.00185
59713.79118846 0.000289 0.00185
59713.79128101 0.000297 0.00185
59713.79137356 0.000313 0.00185
59713.79146612 0.000974 0.00185
59713.79155867 -0.001033 0.00185
59713.79165122 -0.000044 0.00185
59713.79174378 -0.000181 0.00185
59713.79183633 0.000055 0.00185
59713.79192888 -0.000118 0.00185
59713.79202144 -0.000399 0.00185
59713.79211399 -0.001918 0.00185
59713.79220654 0.000125 0.00185
59713.79229910 0.003488 0.00185
59713.79239165 -0.000393 0.00185
59713.79248421 -0.000035 0.00185
59713.79257676 0.000226 0.00185
59713.79266931 -0.000778 0.00185
59713.79276187 0.000444 0.00185
59713.79285442 -0.000493 0.00185
59713.79294697 -0.001200 0.00185
59713.79303953 0.000540 0.00185
59713.79313208 -0.000984 0.00185
59713.79322463 -0.001278 0.00185
59713.79331719 -0.000812 0.00185
59713.79340974 -0.000156 0.00185
59713.79350229 0.000236 0.00185
59713.79359485 0.000278 0.00185
59713.79368740 0.000069 0.00185
59713.79377995 -0.000400 0.00185
59713.79387251 -0.000859 0.00185
59713.79396506 -0.000300 0.00185
59713.79405761 0.000670 0.00185
59713.79415017 -0.000192 0.00185
59713.79424272 0.000278 0.00185
59713.79433527 -0.000163 0.00185
59713.79442783 0.000088 0.00185
59713.79452038 0.001522 0.00185
59713.79461293 -0.004579 0.00185
59713.79470549 -0.000446 0.00185
59713.79479804 0.000259 0.00185
59713.79489059 0.001230 0.00185
59713.79498315 -0.000000 0.00185
59713.79507570 0.001779 0.00185
59713.79516825 0.000509 0.00185
59713.79526081 0.016417 0.00185
59713.79535336 -0.000824 0.00185
59713.79544592 0.005217 0.00185
59713.79553847 0.007947 0.00185
59713.79563102 0.009853 0.00185
59713.79572358 0.003533 0.00185
59713.79581613 0.000520 0.00185
59713.79590868 0.001911 0.00185
59713.79600124 0.001220 0.00185
59713.79609379 -0.000460 0.00185
59713.79618634 0.001085 0.00185
59713.79627890 -0.002511 0.00185
59713.79637145 0.000052 0.00185
59713.79646400 0.001381 0.00185
59713.79655656 -0.000470 0.00185
59713.79664911 0.000048 0.00185
59713.79674166 0.000959 0.00185
59713.79683422 -0.004688 0.00185
59713.79692677 -0.000470 0.00185
59713.79701932 0.000665 0.00185
59713.79711188 -0.000062 0.00185
59713.79720443 -0.000703 0.00185
59713.79729698 -0.000449 0.00185
59713.79738954 -0.000701 0.00185
59713.79748209 -0.000659 0.00185
59713.79757464 -0.001432 0.00185
59713.79766720 -0.001519 0.00185
59713.79775975 -0.001254 0.00185
59713.79785230 -0.001230 0.00185
59713.79794486 -0.001407 0.00185
59713.79803741 -0.000288 0.00185
59713.79812997 0.006717 0.00185
59713.79822252 0.000039 0.00185
59713.79831507 0.000900 0.00185
59713.79840763 0.000140 0.00185
59713.79850018 -0.000961 0.00185
59713.79859273 -0.003910 0.00185
59713.79868529 -0.005372 0.00185
59713.79877784 -0.006962 0.00185
59713.79887039 -0.005653 0.00185
59713.79896295 -0.003479 0.00185
59713.79905550 -0.002303 0.00185
59713.79914805 -0.003655 0.00185
59713.79924061 -0.000795 0.00185
59713.79933316 0.002024 0.00185
59713.79942571 0.001413 0.00185
59713.79951827 -0.000757 0.00185
59713.79961082 -0.000856 0.00185
59713.79970337 0.000455 0.00185
59713.79979593 -0.001176 0.00185
59713.79988848 0.001604 0.00185
59713.79998103 -0.000229 0.00185
59713.80007359 -0.001178 0.00185
59713.80016614 0.000559 0.00185
59713.80025869 0.000291 0.00185
59713.80035125 -0.000358 0.00185
59713.80044380 -0.003559 0.00185
59713.80053635 -0.003554 0.00185
59713.80062891 -0.004133 0.00185
59713.80072146 -0.002603 0.00185
59713.80081401 -0.002093 0.00185
59713.80090657 -0.002906 0.00185
59713.80099912 -0.001369 0.00185
59713.80109168 0.000229 0.00185
59713.80118423 -0.000844 0.00185
59713.80127678 -0.001080 0.00185
59713.80136934 -0.000848 0.00185
59713.80146189 -0.000793 0.00185
59713.80155444 -0.000767 0.00185
59713.80164700 -0.000504 0.00185
59713.80173955 0.000119 0.00185
59713.80183210 0.000264 0.00185
59713.80192466 -0.000283 0.00185
59713.80201721 0.000467 0.00185
59713.80210976 0.000501 0.00185
59713.80220232 0.000493 0.00185
59713.80229487 0.001855 0.00185
59713.80238742 0.001743 0.00185
59713.80247998 0.000947 0.00185
59713.80257253 0.000580 0.00185
59713.80266508 0.002553 0.00185
59713.80275764 0.001547 0.00185
59713.80285019 0.001776 0.00185
59713.80294274 0.000803 0.00185
59713.80303530 0.001507 0.00185
59713.80312785 0.000878 0.00185
59713.80322040 0.000942 0.00185
59713.80331296 0.001393 0.00185
59713.80340551 0.001053 0.00185
59713.80349806 0.000218 0.00185
59713.80359062 -0.001093 0.00185
59713.80368317 0.000855 0.00185
59713.80377572 0.000501 0.00185
59713.80386828 0.000540 0.00185
59713.80396083 -0.000080 0.00185
59713.80405339 0.000138 0.00185
59713.80414594 -0.000712 0.00185
59713.80423849 0.001835 0.00185
59713.80433105 -0.001145 0.00185
59713.80442360 0.001841 0.00185
59713.80451615 -0.001647 0.00185
59713.80460871 -0.001365 0.00185
59713.80470126 0.002040 0.00185
59713.80479381 0.000527 0.00185
59713.80488637 0.001129 0.00185
59713.80497892 0.000661 0.00185
59713.80507147 0.000023 0.00185
59713.80516403 0.001546 0.00185
59713.80525658 0.003793 0.00185
59713.80534913 0.001155 0.00185
59713.80544169 0.001603 0.00185
59713.80553424 0.001120 0.00185
59713.80562679 0.001820 0.00185
59713.80571935 0.002802 0.00185
59713.80581190 0.003126 0.00185
59713.80590445 0.003424 0.00185
59713.80599701 0.004000 0.00185
59713.80608956 -0.000066 0.00185
59713.80618211 -0.000805 0.00185
59713.80627467 -0.000546 0.00185
59713.80636722 -0.002035 0.00185
59713.80645977 -0.001368 0.00185
59713.80655233 0.000047 0.00185
59713.80664488 -0.003408 0.00185
59713.80673743 -0.002123 0.00185
59713.80682999 -0.000979 0.00185
59713.80692254 -0.005650 0.00185
59713.80701509 -0.000890 0.00185
59713.80710765 -0.000003 0.00185
59713.80720020 -0.000192 0.00185
59713.80729276 0.000508 0.00185
59713.80738531 -0.000148 0.00185
59713.80747786 -0.002626 0.00185
59713.80757042 -0.000037 0.00185
59713.80766297 -0.000445 0.00185
59713.80775552 -0.000497 0.00185
59713.80784808 -0.000478 0.00185
59713.80794063 0.000202 0.00185
59713.80803318 -0.000638 0.00185
59713.80812574 0.000218 0.00185
59713.80821829 0.000124 0.00185
59713.80831084 0.000798 0.00185
59713.80840340 0.000011 0.00185
59713.80849595 0.000494 0.00185
59713.80858850 -0.000426 0.00185
59713.80868106 0.000140 0.00185
59713.80877361 -0.003377 0.00185
59713.80886616 0.000824 0.00185
59713.80895872 0.000465 0.00185
59713.80905127 0.000030 0.00185
59713.80914382 -0.000750 0.00185
59713.80923638 0.001120 0.00185
59713.80932893 -0.000253 0.00185
59713.80942148 0.001769 0.00185
59713.80951404 0.000789 0.00185
59713.80960659 0.000900 0.00185
59713.80969914 0.000949 0.00185
59713.80979170 0.000733 0.00185
59713.80988425 0.001911 0.00185
59713.80997681 0.000776 0.00185
59713.81006936 0.000515 0.00185
59713.81016191 0.000167 0.00185
59713.81025447 0.001068 0.00185
59713.81034702 -0.000519 0.00185
59713.81043957 -0.002150 0.00185
59713.81053213 0.000083 0.00185
59713.81062468 0.002698 0.00185
59713.81071723 0.002053 0.00185
59713.81080979 0.004780 0.00185
59713.81090234 -0.004743 0.00185
59713.81099489 -0.003662 0.00185
59713.81108745 -0.002495 0.00185
59713.81118000 -0.002640 0.00185
59713.88263125 0.000502 0.00185
59713.88272381 0.000188 0.00185
59713.88281636 -0.000082 0.00185
59713.88290891 -0.000180 0.00185
59713.88300147 -0.000312 0.00185
59713.88309402 -0.000289 0.00185
59713.88318657 0.000164 0.00185
59713.88327913 -0.000237 0.00185
59713.88337168 -0.000529 0.00185
59713.88346423 -0.000239 0.00185
59713.88355679 -0.000307 0.00185
59713.88364934 -0.000679 0.00185
59713.88374189 -0.000192 0.00185
59713.88383445 -0.000053 0.00185
59713.88392700 -0.000234 0.00185
59713.88401955 0.000142 0.00185
59713.88411211 -0.000402 0.00185
59713.88420466 0.000566 0.00185
59713.88429721 0.000478 0.00185
59713.88438977 0.000524 0.00185
59713.88448232 0.000798 0.00185
59713.88457488 -0.000072 0.00185
59713.88466743 0.000338 0.00185
59713.88475998 0.000422 0.00185
59713.88485254 0.000475 0.00185
59713.88494509 -0.000050 0.00185
59713.88503764 0.000299 0.00185
59713.88513020 0.000072 0.00185
59713.88522275 0.000562 0.00185
59713.88531530 0.001236 0.00185
59713.88540786 0.000748 0.00185
59713.88550041 0.000364 0.00185
59713.88559296 0.000606 0.00185
59713.88568552 0.000219 0.00185
59713.88577807 0.000645 0.00185
59713.88587062 0.000534 0.00185
59713.88596318 0.000158 0.00185
59713.88605573 0.000072 0.00185
59713.88614828 0.000351 0.00185
59713.88624084 0.000547 0.00185
59713.88633339 0.000673 0.00185
59713.88642594 0.000100 0.00185
59713.88651850 0.000587 0.00185
59713.88661105 0.000035 0.00185
59713.88670360 -0.000064 0.00185
59713.88679616 -0.000483 0.00185
59713.88688871 -0.000453 0.00185
59713.88698126 0.000293 0.00185
59713.88707382 -0.000248 0.00185
59713.88716637 0.000087 0.00185
59713.88725893 -0.000517 0.00185
59713.88735148 -0.000852 0.00185
59713.88744403 -0.000616 0.00185
59713.88753659 -0.000646 0.00185
59713.88762914 -0.000455 0.00185
59713.88772169 -0.000997 0.00185
59713.88781425 -0.001679 0.00185
59713.88790680 -0.001140 0.00185
59713.88799935 -0.001313 0.00185
59713.88809191 -0.000931 0.00185
59713.88818446 -0.000774 0.00185
59713.88827701 -0.001242 0.00185
59713.88836957 -0.000931 0.00185
59713.88846212 -0.001771 0.00185
59713.88855467 -0.001009 0.00185
59713.88864723 -0.000967 0.00185
59713.88873978 -0.000985 0.00185
59713.88883233 -0.000640 0.00185
59713.88892489 -0.000867 0.00185
59713.88901744 -0.000566 0.00185
59713.88910999 0.000125 0.00185
59713.88920255 0.000235 0.00185
59713.88929510 -0.000293 0.00185
59713.88938765 0.000046 0.00185
59713.88948021 0.000189 0.00185
59713.88957276 0.000114 0.00185
59713.88966531 0.000152 0.00185
59713.88975787 0.000470 0.00185
59713.88985042 0.000600 0.00185
59713.88994297 0.000604 0.00185
59713.89003553 -0.000131 0.00185
59713.89012808 0.000087 0.00185
59713.89022064 -0.000126 0.00185
59713.89031319 0.000211 0.00185
59713.89040574 0.000345 0.00185
59713.89049830 0.000017 0.00185
59713.89059085 0.000642 0.00185
59713.89068340 0.000673 0.00185
59713.89077596 0.000379 0.00185
59713.89086851 0.000892 0.00185
59713.89096106 -0.000485 0.00185
59713.89105362 0.000139 0.00185
59713.89114617 0.000182 0.00185
59713.89123872 0.000275 0.00185
59713.89133128 0.000262 0.00185
59713.89142383 0.000153 0.00185
59713.89151638 -0.000271 0.00185
59713.89160894 0.000095 0.00185
59713.89170149 0.000423 0.00185
59713.89179404 0.000752 0.00185
59713.89188660 0.000374 0.00185
59713.89197915 0.001033 0.00185
59713.89207170 0.000537 0.00185
59713.89216426 0.000892 0.00185
59713.89225681 0.001031 0.00185
59713.89234936 0.000078 0.00185
59713.89244192 0.000735 0.00185
59713.89253447 0.000929 0.00185
59713.89262702 0.000261 0.00185
59713.89271958 0.000794 0.00185
59713.89281213 0.000164 0.00185
59713.89290468 0.000511 0.00185
59713.89299724 0.000002 0.00185
59713.89308979 0.000453 0.00185
59713.89318235 0.000723 0.00185
59713.89327490 0.000817 0.00185
59713.89336745 0.000873 0.00185
59713.89346001 0.000177 0.00185
59713.89355256 0.000079 0.00185
59713.89364511 -0.000287 0.00185
59713.89373767 0.000049 0.00185
59713.89383022 0.000124 0.00185
59713.89392277 0.000115 0.00185
59713.89401533 -0.000188 0.00185
59713.89410788 -0.000888 0.00185
59713.89420043 -0.000334 0.00185
59713.89429299 -0.000825 0.00185
59713.89438554 0.000472 0.00185
59713.89447809 -0.000358 0.00185
59713.89457065 0.000003 0.00185
59713.89466320 0.000548 0.00185
59713.89475575 -0.000127 0.00185
59713.89484831 0.000351 0.00185
59713.89494086 0.000755 0.00185
59713.89503341 0.000441 0.00185
59713.89512597 0.000151 0.00185
59713.89521852 0.000065 0.00185
59713.89531107 -0.000263 0.00185
59713.89540363 0.000048 0.00185
59713.89549618 0.000055 0.00185
59713.89558873 -0.000108 0.00185
59713.89568129 0.000676 0.00185
59713.89577384 0.000170 0.00185
59713.89586639 0.000158 0.00185
59713.89595895 -0.000404 0.00185
59713.89605150 0.000247 0.00185
59713.89614405 -0.000684 0.00185
59713.89623661 -0.000412 0.00185
59713.89632916 -0.000071 0.00185
59713.89642172 -0.000171 0.00185
59713.89651427 -0.000850 0.00185
59713.89660682 -0.000070 0.00185
59713.89669938 -0.000024 0.00185
59713.89679193 -0.000583 0.00185
59713.89688448 -0.000201 0.00185
59713.89697704 0.000376 0.00185
59713.89706959 -0.000130 0.00185
59713.89716214 -0.000088 0.00185
59713.89725470 0.000094 0.00185
59713.89734725 -0.000287 0.00185
59713.89743980 -0.000518 0.00185
59713.89753236 -0.000477 0.00185
59713.89762491 -0.000396 0.00185
59713.89771746 -0.000399 0.00185
59713.89781002 -0.000469 0.00185
59713.89790257 -0.000446 0.00185
59713.89799512 -0.000668 0.00185
59713.89808768 -0.000173 0.00185
59713.89818023 -0.000557 0.00185
59713.89827278 -0.000475 0.00185
59713.89836534 0.000221 0.00185
59713.89845789 -0.000379 0.00185
59713.89855044 -0.000474 0.00185
59713.89864300 -0.000282 0.00185
59713.89873555 -0.000494 0.00185
59713.89882810 0.000062 0.00185
59713.89892066 0.000105 0.00185
59713.89901321 -0.000208 0.00185
59713.89910576 -0.000611 0.00185
59713.89919832 -0.000384 0.00185
59713.89929087 0.000408 0.00185
59713.89938343 -0.000670 0.00185
59713.89947598 -0.000270 0.00185
59713.89956853 -0.000333 0.00185
59713.89966109 -0.000029 0.00185
59713.89975364 -0.000332 0.00185
59713.89984619 -0.000179 0.00185
59713.89993875 0.000148 0.00185
59713.90003130 0.000428 0.00185
59713.90012385 0.000276 0.00185
59713.90021641 -0.000097 0.00185
59713.90030896 0.000449 0.00185
59713.90040151 0.000336 0.00185
59713.90049407 0.000071 0.00185
59713.90058662 0.000653 0.00185
59713.90067917 0.000198 0.00185
59713.90077173 0.000813 0.00185
59713.90086428 0.000790 0.00185
59713.90095683 -0.000151 0.00185
59713.90104939 -0.000214 0.00185
59713.90114194 0.000061 0.00185
59713.90123449 0.000504 0.00185
59713.90132705 0.000664 0.00185
59713.90141960 -0.000054 0.00185
59713.98555068 -0.000213 0.00185
59713.98564323 0.000630 0.00185
59713.98573578 0.000844 0.00185
59713.98582834 0.000471 0.00185
59713.98592089 -0.000093 0.00185
59713.98601344 -0.000392 0.00185
59713.98610600 -0.000710 0.00185
59713.98619855 -0.000150 0.00185
59713.98629110 -0.001214 0.00185
59713.98638366 -0.000114 0.00185
59713.98647621 0.000051 0.00185
59713.98656876 -0.001250 0.00185
59713.98666132 -0.001418 0.00185
59713.98675387 -0.001033 0.00185
59713.98684642 0.000492 0.00185
59713.98693898 -0.000774 0.00185
59713.98703153 0.001332 0.00185
59713.98712408 -0.001699 0.00185
59713.98721664 0.001173 0.00185
59713.98730919 0.001738 0.00185
59713.98740174 0.004523 0.00185
59713.98749430 0.001337 0.00185
59713.98758685 0.000656 0.00185
59713.98767940 0.005309 0.00185
59713.98777196 0.000246 0.00185
59713.98786451 -0.000680 0.00185
59713.98795706 0.008836 0.00185
59713.98804962 0.002991 0.00185
59713.98814217 0.001465 0.00185
59713.98823472 0.005772 0.00185
59713.98832728 0.001390 0.00185
59713.98841983 0.007354 0.00185
59713.98851239 0.002083 0.00185
59713.98860494 0.005059 0.00185
59713.98869749 0.000600 0.00185
59713.98879005 -0.001105 0.00185
59713.98888260 0.001960 0.00185
59713.98897515 -0.000650 0.00185
59713.98906771 -0.000251 0.00185
59713.98916026 -0.001023 0.00185
59713.98925281 0.000503 0.00185
59713.98934537 -0.001093 0.00185
59713.98943792 -0.000309 0.00185
59713.98953047 -0.001079 0.00185
59713.98962303 -0.001494 0.00185
59713.98971558 -0.000682 0.00185
59713.98980813 -0.000663 0.00185
59713.98990069 -0.001216 0.00185
59713.98999324 -0.000195 0.00185
59713.99008579 -0.000927 0.00185
59713.99017835 -0.000892 0.00185
59713.99027090 -0.001054 0.00185
59713.99036345 -0.000988 0.00185
59713.99045601 -0.000844 0.00185
59713.99054856 -0.000753 0.00185
59713.99064111 0.004738 0.00185
59713.99073367 -0.000165 0.00185
59713.99082622 -0.001076 0.00185
59713.99091877 -0.000780 0.00185
59713.99101133 -0.000473 0.00185
59713.99110388 -0.000401 0.00185
59713.99119643 0.000164 0.00185
59713.99128899 0.000567 0.00185
59713.99138154 0.000349 0.00185
59713.99147410 0.000145 0.00185
59713.99156665 0.000013 0.00185
59713.99165920 0.000333 0.00185
59713.99175176 0.000320 0.00185
59713.99184431 0.000219 0.00185
59713.99193686 -0.000108 0.00185
59713.99202942 0.000341 0.00185
59713.99212197 0.000125 0.00185
59713.99221452 0.000416 0.00185
59713.99230708 0.000206 0.00185
59713.99239963 0.000211 0.00185
59713.99249218 0.000047 0.00185
59713.99258474 0.000349 0.00185
59713.99267729 0.001046 0.00185
59713.99276984 -0.000462 0.00185
59713.99286240 0.000719 0.00185
59713.99295495 0.000411 0.00185
59713.99304750 -0.000153 0.00185
59713.99314006 0.001201 0.00185
59713.99323261 0.001057 0.00185
59713.99332516 0.000685 0.00185
59713.99341772 0.000782 0.00185
59713.99351027 0.000785 0.00185
59713.99360282 0.000787 0.00185
59713.99369538 0.000879 0.00185
59713.99378793 0.000169 0.00185
59713.99388048 -0.000159 0.00185
59713.99397304 0.000627 0.00185
59713.99406559 0.000177 0.00185
59713.99415815 0.001510 0.00185
59713.99425070 0.000456 0.00185
59713.99434325 0.000323 0.00185
59713.99443581 -0.000045 0.00185
59713.99452836 -0.000054 0.00185
59713.99462091 -0.000286 0.00185
59713.99471347 0.000276 0.00185
59713.99480602 0.000138 0.00185
59713.99489857 -0.000101 0.00185
59713.99499113 0.000437 0.00185
59713.99508368 0.000192 0.00185
59713.99517623 -0.000214 0.00185
59713.99526879 -0.000060 0.00185
59713.99536134 -0.000510 0.00185
59713.99545389 0.000174 0.00185
59713.99554645 -0.000711 0.00185
59713.99563900 -0.000135 0.00185
59713.99573155 -0.000562 0.00185
59713.99582411 -0.000742 0.00185
59713.99591666 0.000095 0.00185
59713.99600921 0.000176 0.00185
59713.99610177 -0.000550 0.00185
59713.99619432 -0.000405 0.00185
59713.99628687 -0.000344 0.00185
59713.99637943 -0.000828 0.00185
59713.99647198 -0.000721 0.00185
59713.99656453 -0.001138 0.00185
59713.99665709 -0.000634 0.00185
59713.99674964 -0.000312 0.00185
59713.99684219 -0.000037 0.00185
59713.99693475 -0.000603 0.00185
59713.99702730 -0.000181 0.00185
59713.99711986 -0.000395 0.00185
59713.99721241 -0.000030 0.00185
59713.99730496 -0.000160 0.00185
59713.99739752 -0.000944 0.00185
59713.99749007 -0.000871 0.00185
59713.99758262 -0.000643 0.00185
59713.99767518 -0.000715 0.00185
59713.99776773 -0.000501 0.00185
59713.99786028 -0.000998 0.00185
59713.99795284 -0.000174 0.00185
59713.99804539 -0.000758 0.00185
59713.99813794 -0.000634 0.00185
59713.99823050 -0.000599 0.00185
59713.99832305 -0.000466 0.00185
59713.99841560 -0.000716 0.00185
59713.99850816 -0.000121 0.00185
59713.99860071 0.000387 0.00185
59713.99869326 0.001616 0.00185
59713.99878582 0.002532 0.00185
59713.99887837 0.000385 0.00185
59713.99897092 0.002525 0.00185
59713.99906348 0.003686 0.00185
59713.99915603 0.000428 0.00185
59713.99924858 0.000063 0.00185
59713.99934114 -0.001396 0.00185
59713.99943369 0.000642 0.00185
59713.99952624 0.000015 0.00185
59713.99961880 0.007360 0.00185
59713.99971135 0.004866 0.00185
59713.99980390 0.003449 0.00185
59713.99989646 0.005255 0.00185
59713.99998901 0.003947 0.00185
59714.00008157 0.004999 0.00185
59714.00017412 0.001598 0.00185
59714.00026667 0.004043 0.00185
59714.00035923 -0.007173 0.00185
59714.00045178 -0.000565 0.00185
59714.00054433 0.001632 0.00185
59714.00063689 0.001564 0.00185
59714.00072944 -0.003218 0.00185
59714.00082199 -0.001080 0.00185
59714.00091455 0.000794 0.00185
59714.00100710 0.000609 0.00185
59714.00109965 -0.000508 0.00185
59714.00119221 0.000991 0.00185
59714.00128476 -0.000927 0.00185
59714.00137731 -0.000626 0.00185
59714.00146987 -0.000657 0.00185
59714.00156242 -0.001047 0.00185
59714.00165497 -0.000648 0.00185
59714.00174753 -0.000505 0.00185
59714.00184008 -0.000561 0.00185
59714.00193263 -0.001630 0.00185
59714.00202519 -0.000143 0.00185
59714.00211774 -0.000136 0.00185
59714.00221029 0.000472 0.00185
59714.00230285 0.000628 0.00185
59714.00239540 -0.000801 0.00185
59714.00248795 0.000172 0.00185
59714.00258051 -0.000034 0.00185
59714.00267306 -0.000311 0.00185
59714.00276561 0.000777 0.00185
59714.00285817 -0.000027 0.00185
59714.00295072 0.000453 0.00185
59714.00304327 -0.000081 0.00185
59714.00313583 0.000028 0.00185
59714.00322838 -0.000132 0.00185
59714.00332094 -0.000965 0.00185
59714.00341349 -0.000273 0.00185
59714.00350604 0.000298 0.00185
59714.00359860 -0.000094 0.00185
59714.00369115 -0.000091 0.00185
59714.00378370 0.000439 0.00185
59714.00387626 0.000174 0.00185
59714.00396881 -0.000328 0.00185
59714.00406136 -0.000559 0.00185
59714.00415392 0.000077 0.00185
59714.00424647 -0.000003 0.00185
59714.00433902 0.000735 0.00185
59714.00443158 0.000404 0.00185
59714.08550839 -0.005814 0.00185
59714.08560094 -0.000485 0.00185
59714.08569349 0.000613 0.00185
59714.08578605 -0.000274 0.00185
59714.08587860 -0.000363 0.00185
59714.08597115 0.000723 0.00185
59714.08606371 -0.001068 0.00185
59714.08615626 -0.000489 0.00185
59714.08624882 -0.000086 0.00185
59714.08634137 0.000479 0.00185
59714.08643392 0.000077 0.00185
59714.08652648 -0.000139 0.00185
59714.08661903 0.000467 0.00185
59714.08671158 -0.000252 0.00185
59714.08680414 -0.000380 0.00185
59714.08689669 0.000072 0.00185
59714.08698924 -0.003492 0.00185
59714.08708180 0.000379 0.00185
59714.08717435 0.000173 0.00185
59714.08726690 0.000367 0.00185
59714.08735946 0.000101 0.00185
59714.08745201 -0.000526 0.00185
59714.08754456 0.000488 0.00185
59714.08763712 0.000118 0.00185
59714.08772967 0.000222 0.00185
59714.08782222 -0.000290 0.00185
59714.08791478 0.000789 0.00185
59714.08800733 0.001461 0.00185
59714.08809988 -0.000409 0.00185
59714.08819244 0.001424 0.00185
59714.08828499 0.002174 0.00185
59714.08837754 0.001130 0.00185
59714.08847010 0.001647 0.00185
59714.08856265 0.001865 0.00185
59714.08865520 0.000511 0.00185
59714.08874776 0.001392 0.00185
59714.08884031 0.001467 0.00185
59714.08893286 0.000750 0.00185
59714.08902542 0.001236 0.00185
59714.08911797 -0.003440 0.00185
59714.08921053 0.001003 0.00185
59714.08930308 0.001711 0.00185
59714.08939563 0.001999 0.00185
59714.08948819 0.001291 0.00185
59714.08958074 0.001598 0.00185
59714.08967329 0.002435 0.00185
59714.08976585 0.002735 0.00185
59714.08985840 0.001561 0.00185
59714.08995095 0.001039 0.00185
59714.09004351 0.000100 0.00185
59714.09013606 0.001401 0.00185
59714.09022861 0.001211 0.00185
59714.09032117 0.000979 0.00185
59714.09041372 0.001591 0.00185
59714.09050627 0.001633 0.00185
59714.09059883 0.000558 0.00185
59714.09069138 0.000929 0.00185
59714.09078393 0.000448 0.00185
59714.09087649 -0.000726 0.00185
59714.09096904 -0.001056 0.00185
59714.09106159 0.000163 0.00185
59714.09115415 0.000169 0.00185
59714.09124670 -0.000842 0.00185
59714.09133925 -0.000155 0.00185
59714.09143181 0.000046 0.00185
59714.09152436 0.000703 0.00185
59714.09161691 -0.000787 0.00185
59714.09170947 -0.000069 0.00185
59714.09180202 -0.000557 0.00185
59714.09189457 -0.000150 0.00185
59714.09198713 -0.001258 0.00185
59714.09207968 -0.000582 0.00185
59714.09217223 -0.002351 0.00185
59714.09226479 -0.002185 0.00185
59714.09235734 -0.003147 0.00185
59714.09244990 -0.001556 0.00185
59714.09254245 -0.000403 0.00185
59714.09263500 -0.001643 0.00185
59714.09272756 -0.002161 0.00185
59714.09282011 -0.006941 0.00185
59714.09291266 -0.001539 0.00185
59714.09300522 -0.001385 0.00185
59714.09309777 -0.001446 0.00185
59714.09319032 0.000132 0.00185
59714.09328288 -0.001303 0.00185
59714.09337543 -0.000184 0.00185
59714.09346798 -0.000851 0.00185
59714.09356054 -0.000415 0.00185
59714.09365309 -0.002250 0.00185
59714.09374564 -0.001758 0.00185
59714.09383820 -0.000975 0.00185
59714.09393075 -0.000997 0.00185
59714.09402330 -0.000655 0.00185
59714.09411586 -0.001096 0.00185
59714.09420841 -0.004364 0.00185
59714.09430096 -0.000579 0.00185
59714.09439352 -0.000645 0.00185
59714.09448607 -0.004275 0.00185
59714.09457862 -0.001404 0.00185
59714.09467118 -0.000365 0.00185
59714.09476373 0.000190 0.00185
59714.09485628 -0.000384 0.00185
59714.09494884 -0.000214 0.00185
59714.09504139 -0.000508 0.00185
59714.09513394 -0.000255 0.00185
59714.09522650 -0.000781 0.00185
59714.09531905 -0.000763 0.00185
59714.09541161 -0.000460 0.00185
59714.09550416 0.000441 0.00185
59714.09559671 0.000052 0.00185
59714.09568927 -0.004546 0.00185
59714.09578182 0.000091 0.00185
59714.09587437 0.001485 0.00185
59714.09596693 0.000585 0.00185
59714.09605948 0.000518 0.00185
59714.09615203 0.000917 0.00185
59714.09624459 0.000672 0.00185
59714.09633714 0.001243 0.00185
59714.09642969 0.000095 0.00185
59714.09652225 0.001757 0.00185
59714.09661480 -0.000547 0.00185
59714.09670735 -0.001074 0.00185
59714.09679991 0.000411 0.00185
59714.09689246 0.000331 0.00185
59714.09698501 0.000077 0.00185
59714.09707757 0.000159 0.00185
59714.09717012 0.000449 0.00185
59714.09726267 0.001404 0.00185
59714.09735523 0.000015 0.00185
59714.09744778 0.001644 0.00185
59714.09754033 0.000380 0.00185
59714.09763289 0.002619 0.00185
59714.09772544 0.003033 0.00185
59714.09781799 0.004578 0.00185
59714.09791055 0.005338 0.00185
59714.09800310 0.010204 0.00185
59714.09809565 0.005900 0.00185
59714.09818821 0.008459 0.00185
59714.09828076 0.001642 0.00185
59714.09837332 0.000900 0.00185
59714.09846587 0.000513 0.00185
59714.09855842 0.000710 0.00185
59714.09865098 0.000239 0.00185
59714.09874353 0.001258 0.00185
59714.09883608 0.001980 0.00185
59714.09892864 -0.000611 0.00185
59714.09902119 -0.000540 0.00185
59714.09911374 0.001299 0.00185
59714.09920630 0.000065 0.00185
59714.09929885 -0.006256 0.00185
59714.09939140 -0.000953 0.00185
59714.09948396 0.000563 0.00185
59714.09957651 -0.000024 0.00185
59714.09966906 0.001939 0.00185
59714.09976162 -0.000323 0.00185
59714.09985417 0.000432 0.00185
59714.09994672 -0.000083 0.00185
59714.10003928 -0.000981 0.00185
59714.10013183 -0.000321 0.00185
59714.10022438 0.000596 0.00185
59714.10031694 -0.000297 0.00185
59714.10040949 0.001228 0.00185
59714.10050204 -0.000484 0.00185
59714.10059460 0.000027 0.00185
59714.10068715 -0.000509 0.00185
59714.10077970 -0.000225 0.00185
59714.10087226 -0.000713 0.00185
59714.10096481 -0.000829 0.00185
59714.10105737 0.000599 0.00185
59714.10114992 -0.001635 0.00185
59714.10124247 -0.001313 0.00185
59714.10133503 -0.001450 0.00185
59714.10142758 -0.006791 0.00185
59714.10152013 -0.002432 0.00185
59714.10161269 -0.001930 0.00185
59714.10170524 -0.002229 0.00185
59714.10179779 -0.001916 0.00185
59714.10189035 -0.000075 0.00185
59714.10198290 -0.001257 0.00185
59714.10207545 -0.001159 0.00185
59714.10216801 -0.001044 0.00185
59714.10226056 -0.001072 0.00185
59714.10235311 -0.000425 0.00185
59714.10244567 -0.000379 0.00185
59714.10253822 -0.000691 0.00185
59714.10263077 0.000251 0.00185
59714.10272333 -0.000191 0.00185
59714.10281588 0.000491 0.00185
59714.10290843 0.000275 0.00185
59714.10300099 0.001422 0.00185
59714.10309354 0.000248 0.00185
59714.10318609 -0.012935 0.00185
59714.10327865 0.000845 0.00185
59714.10337120 0.000988 0.00185
59714.10346375 0.001562 0.00185
59714.10355631 0.001483 0.00185
59714.10364886 0.001108 0.00185
59714.10374141 0.000501 0.00185
59714.10383397 0.000927 0.00185
59714.10392652 0.002029 0.00185
59714.10401908 0.001257 0.00185
59714.10411163 0.001722 0.00185
59714.10420418 0.001168 0.00185
59714.10429674 0.001547 0.00185
59714.10438929 0.001746 0.00185
